144071
269 736 293 748 17
269 745 293 748 34
269 745 293 760 17
270 745 293 760 13
270 748 293 760 6
400 202 398 162 11
400 202 400 162 43
403 202 398 162 31
403 202 400 162 4
403 202 427 228 4
403 225 427 228 10
429 221 427 225 12
429 221 427 228 29
429 221 429 228 4
468 221 427 228 9
506 760 293 760 25
506 760 506 727 32
515 821 506 727 11
515 821 506 811 16
515 821 515 811 8
573 155 398 150 6
573 155 476 200 53
573 155 476 202 3
573 200 468 202 6
573 200 476 200 4
577 155 398 150 16
577 155 577 122 49
577 155 620 301 9
577 200 577 201 66
577 200 620 301 5
586 821 570 821 36
586 846 570 821 10
596 846 570 821 14
596 846 597 733 44
597 729 506 727 6
597 729 563 727 34
597 729 563 729 1
597 729 597 733 2
602 727 563 727 19
602 727 633 522 7
602 727 640 659 10
602 727 681 632 21
602 727 745 539 14
602 733 597 733 8
603 201 620 342 10
603 201 633 505 10
603 208 633 505 1
609 208 633 505 2
609 301 633 505 14
609 301 633 522 6
609 301 639 421 25
613 122 639 421 1
613 122 644 124 18
613 124 620 301 10
613 124 620 342 8
613 124 644 124 26
640 727 640 659 51
640 727 660 659 7
640 727 681 632 3
644 132 639 421 9
655 132 639 421 14
655 132 670 421 8
655 132 692 135 36
655 135 639 421 4
655 135 670 348 3
655 135 670 421 31
655 135 692 135 24
660 638 681 632 49
662 342 670 348 37
662 342 670 421 18
662 348 670 421 12
692 150 693 150 20
692 150 745 539 5
693 139 733 539 60
693 139 745 539 12
696 632 696 623 19
696 632 745 539 18
696 632 745 623 32
733 522 745 539 26
